4 3
5 3 
6 3 
7 3 
8 4 
9 4 
10 4 
10 5 
11 6 
12 7 
13 8 
14 8 
15 8 
16 8 
12 9 
17 10 
18 10 
19 10 
20 11 
21 11 
22 11 
23 12 
24 12 
25 12 
26 13 
27 13 
23 14 
24 14 
28 14 
29 15 
30 16 
31 17 
32 17 
33 18 
34 18 
35 18 
36 18 
37 19 
38 19 
39 20 
40 21 
41 22 
42 23 
13 24 
43 24 
44 24 
45 25 
46 25 
47 26 
48 26 
49 26 
50 27 
51 27 
52 27 
39 27 
53 27 
54 27 
55 27 
56 27 
57 28 
58 28 
59 28 
60 29 
59 29 
61 30 
62 31 
63 31 
64 31 
65 31 
66 32 
67 33 
68 33 
69 34 
70 35 
71 36 
72 36 
73 37 
74 37 
75 37 
76 38 
77 38 
78 39 
79 39 
80 39 
81 39 
31 40 
82 40 
83 40 
84 41 
85 41 
86 42 
87 42 
88 42 
89 42 
90 42 
91 42 
92 42 
93 42 
94 42 
95 43 
96 43 
28 43 
34 44 
33 44 
31 44 
97 44 
46 44 
98 45 
99 45 
100 45 
101 45 
102 45 
103 45 
104 46 
105 46 
106 46 
107 46 
40 46 
108 46 
109 47 
110 47 
111 48 
112 49 
113 49 
37 50 
114 50 
38 50 
115 51 
116 51 
117 51 
118 52 
119 52 
72 53 
120 53 
121 53 
122 53 
123 53 
124 54 
27 54 
125 54 
126 55 
127 55 
31 55 
128 55 
129 55 
130 55 
131 56 
132 57 
133 57 
134 57 
135 57 
136 58 
137 58 
138 58 
116 59 
130 59 
139 59 
140 59 
141 59 
142 59 
143 60 
144 60 
143 61 
116 61 
145 62 
146 62 
147 62 
148 62 
149 62 
150 62 
151 63 
152 63 
153 63 
154 64 
155 64 
151 65 
156 65 
17 65 
157 66 
158 66 
159 66 
139 66 
160 66 
161 66 
162 67 
163 67 
164 68 
165 68 
166 68 
167 69 
168 69 
169 69 
170 69 
171 69 
172 69 
173 70 
143 71 
174 71 
175 72 
176 72 
146 73 
177 73 
147 73 
178 74 
179 74 
180 74 
181 74 
182 74 
183 74 
113 74 
184 75 
185 75 
59 75 
31 76 
180 77 
186 77 
187 77 
178 77 
113 77 
188 78 
189 78 
190 78 
191 79 
192 80 
193 80 
194 80 
195 80 
196 80 
191 81 
197 81 
11 81 
198 82 
17 83 
199 84 
200 85 
59 85 
201 86 
202 86 
203 86 
204 87 
150 88 
145 88 
205 89 
206 90 
207 90 
208 91 
209 91 
210 91 
211 92 
212 92 
213 92 
113 92 
214 92 
215 92 
216 93 
217 93 
218 93 
32 93 
219 94 
220 95 
221 95 
222 95 
223 96 
224 96 
225 96 
226 96 
227 96 
228 96 
229 96 
144 97 
143 97 
133 98 
230 98 
31 98 
231 98 
232 98 
233 99 
59 99 
234 99 
128 100 
31 100 
235 101 
236 101 
237 102 
238 102 
22 102 
191 103 
239 103 
240 103 
59 104 
234 104 
241 104 
242 104 
243 104 
226 105 
224 105 
225 105 
227 105 
228 105 
223 105 
229 105 
228 106 
224 106 
225 106 
226 106 
227 106 
223 106 
229 106 
244 107 
234 107 
59 107 
31 108 
245 109 
246 109 
247 110 
248 110 
28 110 
12 110 
249 111 
250 112 
251 112 
252 113 
253 113 
131 113 
254 114 
73 114 
255 114 
75 114 
131 115 
256 115 
12 116 
257 116 
39 116 
258 116 
259 116 
260 116 
34 116 
261 116 
262 116 
117 117 
96 117 
32 117 
39 117 
263 117 
234 118 
111 118 
233 118 
264 118 
59 118 
265 119 
266 120 
59 120 
224 121 
226 121 
227 121 
228 121 
223 121 
229 121 
59 122 
234 122 
111 122 
267 123 
268 123 
269 123 
270 123 
271 123 
272 123 
273 123 
274 123 
275 123 
276 123 
277 123 
278 123 
279 123 
280 123 
281 123 
282 123 
283 123 
284 123 
285 123 
286 124 
69 124 
287 124 
288 125 
18 126 
289 126 
290 127 
291 127 
196 127 
126 128 
292 128 
293 128 
129 128 
216 129 
32 129 
85 130 
84 130 
294 131 
295 131 
296 131 
235 131 
79 132 
297 132 
298 132 
299 132 
300 133 
301 134 
302 134 
303 135 
304 136 
17 136 
305 136 
306 137 
51 137 
307 137 
308 138 
309 138 
113 139 
112 139 
178 139 
310 140 
69 141 
311 141 
233 142 
312 142 
313 142 
314 142 
250 143 
315 143 
251 143 
316 144 
317 144 
318 144 
42 145 
319 146 
50 146 
320 147 
321 147 
322 147 
71 147 
130 148 
323 148 
249 149 
225 149 
145 149 
324 150 
201 150 
264 150 
325 150 
234 150 
59 150 
70 151 
326 152 
327 152 
328 152 
221 153 
329 153 
149 154 
330 154 
147 155 
331 155 
332 155 
146 155 
333 156 
334 156 
335 156 
336 157 
337 158 
75 159 
27 159 
50 160 
112 161 
113 161 
178 161 
338 162 
339 163 
340 163 
59 163 
341 164 
114 165 
61 166 
38 166 
342 167 
343 167 
344 168 
345 168 
344 169 
346 170 
347 171 
348 172 
349 172 
350 173 
351 173 
352 173 
353 174 
354 174 
355 175 
356 175 
357 176 
358 176 