4 3
5 3 
6 3 
7 3 
8 4 
9 4 
10 4 
10 5 
11 6 
12 7 
13 8 
14 8 
15 8 
16 8 
12 9 
17 10 
18 10 
19 10 
20 11 
21 11 
22 11 
23 12 
24 12 
25 12 
26 13 
27 13 
23 14 
24 14 
28 14 
29 15 
30 16 
31 17 
32 17 
33 18 
34 18 
35 18 
36 18 
37 19 
38 19 
39 20 
40 21 
41 22 
42 23 
13 24 
43 24 
44 24 
45 25 
46 25 
47 26 
48 26 
49 26 
50 27 
51 27 
52 27 
39 27 
53 27 
54 27 
55 27 
56 27 
57 28 
58 28 
59 28 
60 29 
59 29 
61 30 
62 31 
63 31 
64 31 
65 31 
66 32 
67 33 
68 33 
69 34 
70 35 
71 36 
72 36 
73 37 
74 37 
75 37 
76 38 
77 38 
78 39 
79 39 
80 39 
81 39 
31 40 
82 40 
83 40 
84 41 
85 41 
86 42 
87 42 
88 42 
89 42 
90 42 
91 42 
92 42 
93 42 
94 42 
95 43 
96 43 
28 43 
34 44 
33 44 
31 44 
97 44 
46 44 
98 45 
99 45 
100 45 
101 45 
102 45 
103 45 
104 46 
105 46 
106 46 
107 46 
40 46 
108 46 
109 47 
110 47 
111 48 
112 49 
113 49 
37 50 
114 50 
38 50 
115 51 
116 51 
117 51 
118 52 
119 52 
72 53 
120 53 
121 53 
122 53 
123 53 
124 54 
27 54 
125 54 
126 55 
127 55 
31 55 
128 55 
129 55 
130 55 
131 56 
132 57 
133 57 
134 57 
135 57 
136 58 
137 58 
138 58 
116 59 
130 59 
139 59 
140 59 
141 59 
142 59 
143 60 
144 60 
143 61 
116 61 
145 62 
146 62 
147 62 
148 62 
149 62 
150 62 
151 63 
152 63 
153 63 
154 64 
155 64 
151 65 
156 65 
17 65 
157 66 
158 66 
159 66 
139 66 
160 66 
161 66 
162 67 
163 67 
164 68 
165 68 
166 68 
167 69 
168 69 
169 69 
170 69 
171 69 
172 69 
173 70 
143 71 
174 71 
175 72 
176 72 
146 73 
177 73 
147 73 
178 74 
179 74 
180 74 
181 74 
182 74 
183 74 
113 74 
184 75 
185 75 
59 75 
31 76 
180 77 
186 77 
187 77 
178 77 
113 77 
188 78 
189 78 
190 78 
191 79 
192 80 
193 80 
194 80 
195 80 
196 80 
191 81 
197 81 
11 81 
198 82 
17 83 
199 84 
200 85 
59 85 
201 86 
202 86 
203 86 
204 87 
150 88 
145 88 
205 89 
206 90 
207 90 
208 91 
209 91 
210 91 
211 92 
212 92 
213 92 
113 92 
214 92 
215 92 
216 93 
217 93 
218 93 
32 93 
219 94 
220 95 
221 95 
222 95 
223 96 
224 96 
225 96 
226 96 
227 96 
228 96 
229 96 
144 97 
143 97 
133 98 
230 98 
31 98 
231 98 
232 98 
233 99 
59 99 
234 99 
128 100 
31 100 
235 101 
236 101 
237 102 
238 102 
22 102 
191 103 
239 103 
240 103 
59 104 
234 104 
241 104 
242 104 
243 104 
226 105 
224 105 
225 105 
227 105 
228 105 
223 105 
229 105 
228 106 
224 106 
225 106 
226 106 
227 106 
223 106 
229 106 
244 107 
234 107 
59 107 
31 108 
245 109 
246 109 
247 110 
248 110 
28 110 
12 110 
249 111 
250 112 
251 112 
252 113 
253 113 
131 113 
254 114 
73 114 
255 114 
75 114 
131 115 
256 115 
12 116 
257 116 
39 116 
258 116 
259 116 
260 116 
34 116 
261 116 
262 116 
117 117 
96 117 
32 117 
39 117 
263 117 
234 118 
111 118 
233 118 
264 118 
59 118 
265 119 
266 120 
59 120 
224 121 
226 121 
227 121 
228 121 
223 121 
229 121 
59 122 
234 122 
111 122 
267 123 
268 123 
269 123 
270 123 
271 123 
272 123 
273 123 
274 123 
275 123 
276 123 
277 123 
278 123 
279 123 
280 123 
281 123 
282 123 
283 123 
284 123 
285 123 
286 124 
69 124 
287 124 
288 125 
18 126 
289 126 
290 127 
291 127 
196 127 
126 128 
292 128 
293 128 
129 128 
216 129 
32 129 
85 130 
84 130 
294 131 
295 131 
296 131 
235 131 
79 132 
297 132 
298 132 
299 132 
300 133 
301 134 
302 134 
303 135 
304 136 
17 136 
305 136 
306 137 
51 137 
307 137 
308 138 
309 138 
113 139 
112 139 
178 139 
310 140 
69 141 
311 141 
233 142 
312 142 
313 142 
314 142 
250 143 
315 143 
251 143 
316 144 
317 144 
318 144 
42 145 
319 146 
50 146 
320 147 
321 147 
322 147 
71 147 
130 148 
323 148 
249 149 
225 149 
145 149 
324 150 
201 150 
264 150 
325 150 
234 150 
59 150 
70 151 
326 152 
327 152 
328 152 
221 153 
329 153 
149 154 
330 154 
147 155 
331 155 
332 155 
146 155 
333 156 
334 156 
335 156 
336 157 
337 158 
75 159 
27 159 
50 160 
112 161 
113 161 
178 161 
338 162 
339 163 
340 163 
59 163 
341 164 
114 165 
61 166 
38 166 
342 167 
343 167 
344 168 
345 168 
344 169 
346 170 
347 171 
348 172 
349 172 
350 173 
351 173 
352 173 
353 174 
354 174 
355 175 
356 175 
357 176 
358 176
359 177 
360 177 
361 178 
362 178 
363 179 
364 179 
365 180 
366 180 
367 181 
368 182 
369 183 
370 183 
371 183 
372 184 
373 184 
374 185 
375 185 
376 186 
377 186 
378 186 
379 187 
380 188 
381 188 
382 189 
383 189 
384 189 
385 190 
386 191 
387 192 
388 192 
389 193 
390 193 
391 194 
392 194 
393 195 
394 196 
395 197 
396 197 
397 198 
398 198 
399 198 
400 199 
401 199 
402 199 
403 199 
404 200 
405 200 
406 201 
407 201 
408 202 
393 203 
409 203 
410 203 
411 204 
412 204 
413 205 
414 205 
415 205 
416 205 
417 205 
418 206 
419 206 
420 207 
421 208 
422 209 
423 209 
424 210 
425 210 
426 211 
427 212 
428 212 
429 212 
430 213 
431 213 
377 214 
378 214 
428 214 
432 215 
433 215 
434 215 
435 216 
436 216 
437 216 
438 216 
439 217 
440 218 
441 219 
442 219 
443 219 
444 219 
445 220 
446 220 
447 221 
448 221 
449 221 
450 222 
451 222 
452 222 
453 223 
454 223 
455 224 
456 225 
457 225 
381 225 
458 226 
459 227 
460 228 
461 229 
462 229 
405 229 
463 230 
464 230 
465 231 
466 231 
467 231 
468 231 
381 232 
469 232 
470 232 
471 232 
472 232 
473 233 
474 233 
475 234 
476 234 
477 235 
478 235 
479 235 
480 236 
481 236 
482 236 
483 236 
484 237 
485 237 
486 237 
487 238 
488 238 
419 239 
418 239 
489 240 
490 240 
491 240 
492 241 
493 241 
494 242 
495 242 
496 242 
497 243 
498 244 
499 245 
500 246 
501 246 
502 246 
503 246 
504 247 
505 247 
506 248 
507 249 
508 249 
509 249 
457 250 
510 250 
511 250 
512 250 
513 250 
381 250 
419 251 
379 251 
514 251 
515 252 
516 252 
517 252 
518 252 
519 253 
520 253 
521 253 
522 254 
523 254 
524 254 
525 255 
526 255 
527 255 
528 256 
529 256 
530 256 
531 257 
532 257 
533 257 
534 257 
535 258 
536 258 
373 258 
537 259 
538 259 
539 259 
540 259 
541 260 
542 260 
543 260 
544 261 
453 262 
545 263 
546 263 
547 263 
548 263 
549 264 
550 265 
551 265 
376 266 
378 266 
552 267 
520 267 
381 267 
553 268 
554 268 
555 269 
556 269 
557 269 
558 269 
559 269 
560 270 
561 271 
562 271 
542 272 
563 272 
564 273 
555 273 
565 273 
566 273 
567 274 
568 274 
569 275 
570 275 
571 276 
432 276 
572 276 
573 277 
574 277 
575 278 
576 278 
577 278 
578 279 
506 280 
579 281 
544 281 
405 282 
580 282 
581 283 
582 283 
583 284 
405 284 
410 285 
584 285 
585 285 
586 286 
587 286 
588 287 
589 287 
590 287 
591 288 
405 288 
592 288 
593 289 
594 289 
595 290 
596 290 
597 291 
598 291 
599 292 
367 292 
600 292 
601 293 
541 294 
543 294 
602 295 
603 295 
604 296 
605 296 
606 297 
607 297 
608 297 
609 298 
610 298 
611 298 
373 299 
612 299 
613 300 
614 300 
615 301 
378 301 
616 302 
617 302 
618 302 
615 303 
619 303 
378 303 
620 304 
621 305 
622 305 
587 305 
555 306 
623 306 
624 306 
625 307 
626 307 
448 307 
449 307 
627 308 
628 309 
629 309 
630 310 
631 310 
632 311 
633 311 
634 312 
381 312 
446 313 
635 313 
636 313 
501 314 
637 314 
638 314 
639 314 
640 315 
641 315 
642 316 
428 316 
377 316 
643 316 
644 317 
520 317 
381 317 
615 318 
378 318 
645 319 
646 319 
647 319 
648 319 
361 320 
649 320 
650 321 
651 322 
652 322 
653 323 
654 323 
655 323 
463 324 
464 324 
423 325 
527 326 
656 327 
657 327 
658 328 
479 328 
659 329 
377 329 
660 330 
661 330 
662 330 
663 330 
578 331 
664 331 
665 331 
666 332 
667 332 
668 333 
669 334 
670 334 
524 335 
500 336 
671 336 
672 337 
673 338 
674 339 
675 340 
419 341 
676 341 
677 342 
678 342 
679 343 
680 343 
681 344 
682 344 
683 344 
684 344 
685 345 
381 346 
470 346 
471 346 
472 346 
686 347 
687 347 
688 347 
361 348 
689 348 
690 349 
691 349 
692 350 
693 351 
694 351 
458 352 
695 352 
696 353 
697 353 
698 354 
699 354 
700 355 
701 356 
702 356 
703 357 
578 358 
704 358 
664 358 
705 359 
706 360 
376 361 
707 361 
378 361 
708 362 
709 362 
710 363 
711 363 
712 364 
713 365 
714 366 
715 366 
716 367 
405 367 
717 368 
718 368 
719 368 
720 368 
721 369 
722 369 
555 369 
723 369 
724 370 
556 371 
725 371 
555 371 
726 372 
727 372 
728 372 
648 373 
729 373 
648 374 
729 374 
569 375 
376 375 
730 376 
731 377 
732 377 
733 378 
734 378 
735 378 
736 379 
737 379 
738 379 
739 379 
740 379 
741 379 
742 379 
743 380 
744 380 
745 380 
746 380 
747 381 
748 381 
749 381 
750 381 
751 381 
752 381 
753 382 
754 382 
755 383 
756 383 
757 384 
758 385 
759 385 
760 385 
761 385 
762 386 
763 386 
764 386 
765 386 
766 386 
767 386 
734 387 
733 387 
735 387 
768 388 
769 388 
770 388 
771 389 
772 389 
773 389 
774 389 
775 389 
776 389 
777 390
778 390 
751 390 
752 390 
779 391 
780 391 
781 392 
782 392 
783 393 
746 393 
784 394 
785 394 
786 394 
787 395 
788 395 
789 396 
790 396 
752 396 
791 397 
792 398 
793 399 
794 399 
795 400 
796 400 
797 400 
754 400 
785 401 
798 402 
799 402 
800 403 
768 403 
142 403 
801 403 
769 403 
802 403 
803 403 
804 404 
805 404 
806 404 
807 404 
808 404 
809 404 
810 404 
775 405 
776 405 
786 406 
811 407 
812 407 
813 407 
814 407 
815 407 
816 407 
770 407 
817 408 
803 409 
818 410 
819 410 
820 410 
821 411 
822 411 
823 411 
824 411 
825 411 
355 412 
826 412 
827 412 
828 413 
758 413 
761 413 
829 414 
830 414 
831 414 
832 414 
833 414 
834 414 
835 414 
836 414 
837 414 
838 414 
839 415 
840 415 
841 415 
842 415 
843 416 
844 417 
845 418 
747 419 
748 419 
751 419 
752 419 
846 420 
847 420 
848 420 
849 420 
850 421 
851 421 
775 422 
776 422 
852 423 
734 423 
853 424 
797 425 
796 425 
795 425 
754 425 
854 426 
855 426 
856 426 
857 427 
858 427 
776 428 
859 429 
860 429 
861 430 
848 431 
849 431 
862 432 
863 432 
864 433 
865 433 
866 433 
867 434 
868 434 
869 434 
870 434 
871 435 
872 435 
754 435 
785 436 
784 436 
859 437 
873 437 
874 437 
875 438 
876 438 
847 439 
877 439 
848 439 
849 439 
758 440 
760 440 
851 440 
761 440 
878 441 
879 441 
880 441 
772 441 
775 441 
776 441 
881 442 
760 442 
882 442 
883 442 
758 442 
761 442 
884 443 
885 444 
886 444 
887 445 
798 446 
862 446 
888 446 
889 446 
799 446 
863 446 
848 446 
890 447 
891 448 
892 449 
893 449 
894 450 
824 450 
825 450 
895 451 
896 451 
770 451 
897 452 
735 452 
778 453 
898 453 
899 453 
751 453 
752 453 
900 454 
901 454 
551 454 
902 455 
903 455 
770 456 
904 457 
905 457 
906 457 
907 457 
908 457 
765 458 
909 458 
910 458 
911 458 
912 458 
837 458 
913 458 
914 458 
355 459 
826 459 
827 459 
792 460 
915 461 
916 462 
917 462 
918 462 
860 463 
919 463 
920 463 
848 464 
847 464 
849 464 
798 465 
799 465 
921 466 
922 467 
923 467 
733 467 
924 467 
925 467 
926 467 
927 468 
928 468 
929 468 
770 468 
897 469 
735 469 
895 470 
930 471 
931 471 
932 471 
821 471 
822 471 
824 471 
933 471 
934 472 
878 472 
915 473 
807 474 
935 474 
748 474 
936 475 
937 476 
938 476 
939 477 
788 477 
773 478 
772 478 
776 478 
899 479 
751 479 
752 479 
940 480 
856 480 
772 481 
941 481 
942 481 
807 482 
943 482 
944 482 
935 482 
945 483 
946 483 
947 484 
948 485 
949 485 
950 486 
951 487 
952 488 
953 489 
954 489 
955 490 
956 490 
957 491 
958 491 
959 492 
960 492 
961 492 
962 492 
963 493 
964 494 
965 494 
966 494 
967 494 
968 495 
969 495 
970 495 
971 495 
972 496 
973 496 
974 496 
975 496 
976 497 
977 497 
978 497 
979 497 
980 498 
981 498 
982 499 
983 499 
984 499 
985 499 
978 500 
986 501 
987 501 
988 501 
989 502 
990 503 
991 503 
992 504 
993 505 
994 505 
995 506 
996 506 
997 506 
998 507 
999 508 
1000 508 
1001 508 
1002 508 
1003 508 
1004 508 
1005 509 
1006 509 
1007 509 
1008 509 
1009 510 
1010 510 
1011 511 
1012 512 
1013 512 
1014 512 
1015 512 
1016 512 
1017 513 
1018 514 
1019 515 
1020 516 
1021 516 
1022 517 
1023 518 
1024 519 
1025 520 
1026 520 
1027 520 
1028 520 
1029 521 
1030 521 
1031 521 
1032 522 
1033 523 
1034 523 
1035 524 
1036 525 
1037 525 
1038 525 
1039 525 
1040 525 
1041 525 
1042 526 
1043 526 
1044 527 
1045 527 
1046 527 
1047 528 
1048 528 
1049 529 
1050 529 
1051 530 
1052 530 
1053 530 
1054 531 
1055 531 
1056 531 
1057 531 
1058 532 
1059 532 
1060 533 
1061 533 
1062 533 
1063 533 
1064 534 
1065 534 
1066 534 
1067 535 
1068 536 
1047 537 
1069 537 
1006 537 
1070 537 
1071 537 
1072 538 
1073 538 
1011 539 
1074 539 
1075 540 
1028 540 
1076 541 
1002 541 
1077 542 
1078 542 
1079 542 
1002 542 
1080 543 
1081 543 
1082 543 
1083 543 
1077 544 
1078 544 
1079 544 
1002 544 
1084 545 
1085 545 
1028 545 
1086 546 
1087 546 
1088 546 
1089 547 
1090 548 
1091 549 
1092 550 
1093 551 
1094 552 
1095 552 
1096 552 
1097 552 
1034 552 
1098 553 
1099 554 
1100 555 
1101 556 
1102 556 
1103 557 
1104 557 
1004 558 
999 558 
1105 559 
1106 559 
1107 559 
1108 560 
1109 560 
1110 560 
1111 560 
1112 560 
1113 560 
1114 561 
1115 561 
1116 562 
1033 562 
1064 562 
1028 562 
1117 562 
1118 563 
1119 563 
1120 564 
1121 565 
1122 565 
1123 565 
1124 565 
1118 566 
1125 567 
1126 568 
1127 568 
1128 569 
1129 569 
1130 570 
1131 570 
1064 570 
1132 570 
1133 571 
1134 571 
1117 571 
1135 572 
1136 572 
1137 572 
1138 573 
1139 573 
1140 574 
1141 575 
1142 575 
1143 576 
1144 576 
1145 576 
1146 576 
1147 576 
1148 577 
1149 578 
1150 578 
1151 578 
1152 578 
1153 579 
1154 580 
1155 580 
1156 580 
1157 581 
1158 582 
1159 583
1160 584 
1161 584 
1162 584 
1163 584 
1164 584 
1165 585 
1166 585 
1167 585 
1168 585 
1169 585 
1170 585 
1171 585 
1172 585 
1173 585 
1174 585 
1175 586 
1176 586 
1177 587 
1178 587 
1179 587 
1180 587 
1181 587 
1182 587 
1183 587 
1184 587 
1185 587 
1186 587 
1187 587 
1188 588 
1189 588 
1190 589 
1191 589 
1192 590 
1193 590 
1194 591 
1195 591 
1196 591 
1197 591 
1198 592 
1199 593 
1200 593 
1201 594 
1202 594 
1203 594 
1204 595 
1205 596 
1206 596 
1207 596 
1208 597 
1209 597 
1210 597 
1211 598 
1212 598 
1213 598 
1214 599 
1215 600 
1216 600 
1217 600 
1218 600 
1219 601 
1220 602 
1221 602 
1222 603 
1223 603 
1224 603 
1225 604 
1226 604 
1227 605 
1228 605 
1229 606 
1230 606 
1231 606 
1232 607 
1233 608 
1234 609 
1235 609 
1189 609 
1188 609 
1236 609 
1237 610 
1238 610 
1239 610 
1240 610 
1241 610 
1242 611 
1243 611 
1244 612 
1245 612 
1246 613 
1146 613 
1247 613 
1248 613 
1249 613 
1250 613 
1177 613 
1205 614 
1206 614 
1251 615 
1252 615 
1152 615 
1253 615 
1254 616 
1255 616 
1256 616 
1257 617 
1258 617 
1259 617 
1260 618 
1261 618 
1262 619 
1263 620 
1264 621 
1265 621 
1266 621 
1267 621 
1268 621 
1269 622 
1270 623 
1271 624 
1272 624 
1273 624 
1274 625 
1275 625 
1276 625 
1277 625 
1242 626 
1243 626 
1278 626 
1279 626 
1280 627 
1281 627 
1282 627 
1283 627 
1284 628 
1285 628 
1286 629 
1287 629 
1288 629 
1289 629 
1290 630 
1291 630 
1146 630 
1292 630 
1293 630 
1250 630 
1294 631 
1295 632 
1296 632 
1297 632 
1298 633 
1299 633 
1262 633 
1300 633 
1137 634 
1301 634 
1302 635 
1303 635 
1218 635 
1304 636 
1305 636 
1306 636 
1307 636 
1308 637 
1309 638 
1310 638 
1311 638 
1312 638 
1313 638 
1314 639 
1315 639 
1316 640 
1317 640 
1318 640 
1319 641 
1320 641 
1321 641 
1322 642 
1323 642 
1324 643 
1325 643 
1326 643 
1327 643 
1328 644 
1329 644 
1330 645 
1331 645 
1332 645 
1219 646 
1333 646 
1146 646 
1334 646 
1335 647 
1336 647 
1337 647 
1211 648 
1212 648 
1213 648 
1338 649 
1339 650 
1340 650 
1341 650 
1320 651 
1319 651 
1342 652 
1343 652 
1344 653 
1345 654 
1346 655 
1347 655 
1348 655 
1349 656 
1350 656 
1351 657 
1352 657 
1353 658 
1354 658 
1355 658 
1356 658 
1357 658 
1358 658 
1359 658 
1360 659 
1361 660 
1362 660 
1363 660 
1364 660 
1365 661 
1366 661 
1367 661 
1368 661 
1369 661 
1370 662 
1371 662 
1372 663 
1373 663 
1374 663 
1375 664 
1376 664 
1377 664 
1378 664 
1379 665 
1380 665 
1381 665 
1382 666 
1383 667 
1384 668 
1385 668 
1147 668 
1386 669 
1387 670 
1158 670 
1388 670 
1389 671 
1142 672 
1390 672 
1391 672 
1392 672 
1393 672 
1394 673 
1395 673 
1396 673 
1397 673 
1398 674 
1399 675 
1400 676 
1401 676 
1218 676 
1402 677 
1403 678 
1404 678 
1405 678 
1406 678 
1407 679 
1408 680 
1409 680 
1410 681 
1411 681 
1412 681 
1413 681 
1414 681 
1415 682 
1416 682 
1417 682 
1418 683 
1419 684 
1420 685 
1421 686 
1422 687 
1423 687 
1424 687 
1425 687 
1426 688 
1427 688 
1428 689 
1429 689 
1430 690 
1431 691 
1432 692 
1324 693 
1433 694 
1434 694 
1435 694 
1325 695 
1326 695 
1327 695 
1436 696 
1437 696 
1438 696 
1439 697 
1440 697 
1441 697 
1442 697 
1443 698 
1444 698 
1445 698 
1446 698 
1447 698 
1146 699 
1448 700 
1449 700 
1450 700 
1451 701 
1452 701 
1453 701 
1454 702 
1331 703 
1330 703 
1455 703 
1456 703 
1457 704 
1458 705 
123 706 
72 706 
1459 707 
1460 707 
1362 708 
1461 708 
1462 708 
1463 709 
1464 709 
1465 709 
1466 710 
1467 710 
1468 710 
1419 710 
1469 711 
1470 711 
1471 711 
1472 712 
1473 712 
1474 712 
1475 713 
1476 713 
1477 714 
1478 714 
1479 714 
1480 715 
1481 715 
321 715 
1482 716 
1483 716 
1484 716 
1485 717 
1486 717 
1487 718 
1488 719 
1489 719 
1490 719 
1491 720 
1492 720 
1493 720 
1494 721 
1495 721 
1496 721 
1497 721 
1498 722 
1499 722 
1500 722 
1501 722 
79 723 
1502 724 
1503 725 
1504 726 
1505 726 
1506 727 
1507 727 
1508 728 
1509 728 
1510 728 
1511 729 
1512 729 
1513 729 
1514 730 
1515 731 
1516 731 
1517 731 
1518 732 
1519 732 
1520 732 
1189 732 
1236 732 
1521 733 
1522 733 
1523 734 
1524 735 
1525 736 
1510 736 
1526 737 
1527 737 
1528 738 
1529 738 
1530 738 
1531 739 
1532 739 
1533 739 
1534 739 
1535 740 
1536 741 
1537 742 
1538 743 
1539 743 
1540 744 
1541 745 
1542 745 
1543 745 
1544 745 
1545 745 
1546 746 
1547 747 
1548 747 
1549 747 
1550 748 
1551 748 
72 749 
1552 749 
1553 749 
1554 749 
1555 749 
1556 750 
1436 751 
1557 752 
1456 752 
1558 752 
1559 752 
1560 752 
1561 752 
1502 752 
1562 753 
1563 753 
1564 753 
1565 754 
1566 754 
1567 754 
1568 754 
1419 755 
1569 756 
1570 756 
1571 756 
1572 757 
1573 757 
1574 757 
1575 758 
1576 758 
1248 759 
1577 759 
1578 759 
1579 759 
1146 759 
1580 760 
1581 760 
1582 760 
1583 760 
1584 760 
1585 761 
1324 761 
1586 761 
1587 762 
1588 762 
1589 762 
1590 763 
1503 763 
1222 764 
322 765 
1591 765 
1592 765 
1593 765 
1594 765 
1595 765 
1596 765 
1597 765 
1598 765 
1599 766 
1600 766 
1601 767 
1516 767 
1602 768 
1603 768 
1604 768 
1605 768 
1606 768 